1、系统剩余未分配资源M：A：2；B：3；C：3
ABC还缺各类资源数分别为N：P1：3、4、7；P2：1、3、4；P3：0、0、6；P4：2、2、1；P5：1、1、0
能满足P5的运行。
运行后系统状态为：P5：ABC已分配资源数回收，则系统剩余未分配资源为：A：5；B：4；C：7
能满足P4的运行。
运行后系统状态为：P4：ABC已分配资源数回收，则系统剩余未分配资源为：A：7；B：4；C：11
能满足P3的运行
运行后系统状态为：P3：ABC已分配资源数回收，则系统剩余未分配资源为：A：11；B：4；C：16
能满足P2的运行
运行后系统状态为：P2：ABC已分配资源数回收，则系统剩余未分配资源为：A：15；B：4；C：18
能满足P1的运行
因此，T0时刻是安全状态,安全序列：P5->P4->P3->P2->P1。

2、P2：还缺资源数量：A：1；B：3；C：4
大于申请资源，
系统剩余未分配资源：A：2；B：3；C：3
小于申请资源，则不能实施资源分配。

3、P4：还缺资源数量：A：2；B：2；C：1
大于申请资源，
系统剩余未分配资源：A：2；B：3；C：3
大于申请资源
对申请进行预分配后，系统状态为：
已分配的：
[2 1 2
4 0 2
4 0 5
4 0 5
3 1 4];
还缺各类资源数:
[3 4 7
1 3 4
0 0 6
0 2 0
1 1 0
];
系统剩余未分配资源分别为：0，3，2
大于P4时还缺各类资源数，可以满足P4运行。运行后系统状态为：
已分配的：
[2 1 2
4 0 2
4 0 5
0 0 0
3 1 4];
还缺各类资源数:
[3 4 7
1 3 4
0 0 6
0 0 0
1 1 0
];
系统剩余未分配资源分别为：4，3，7
大于P5时还缺各类资源数，可以满足P5运行。
同样的方法可计算得安全序列为P4->P5->P3->P2->P1
可知是安全状态，能实施资源分配。

4、此时系统状态为：
已分配的：
[2 1 2
4 0 2
4 0 5
4 0 5
3 1 4];
还缺各类资源数:
[3 4 7；
1 3 7
0 0 6；
0 2 0；
1 1 0
];
系统剩余未分配资源分别为：0，3，2
大于申请资源，
P1：还缺资源数量：A：3；B：4；C：7
大于申请资源，
对申请进行预分配后，系统状态为：
已分配的：
[2 3 2
4 0 2
4 0 5
4 0 5
3 1 4];
还缺各类资源数:
[3 2 7
1 3 4
0 0 6
0 2 0
1 1 0
];
系统剩余未分配资源分别为：0，1，2
小于任一进程P1-P5的还缺各类资源数，处于不安全状态，
因此，不能实施资源分配。
